2435434843430
2435434843429
2435434843424
2435434843497
2435434843598
2435434843597
2435434843596
2435434838269
2435434838270
2435434838269
2435434838488
2435434838489
2435434838488
2435434838487
2435434838485
2435434838464
2435434838463
2435434836729
2435434836728
2435434836734
2435434836738
2435434786922
2435434786921
2435434786919
2435434786920
2435434786921
2435434786963
2435434786967
2435434786946
2435434819527
2435434819559
2435434819558
2435434819561
2435434819560
2435434819563
2435434819562
2435434819598
2435434819590
2435434819589
2435434819595
2435434819597
2435434819608
2435434819609
2435434805649
2435434805650
2435434804125
2435434804126
2435434804155
2435434804154
2435434804146
2435434804163
2435434802615
2435434802625
2435434802629
2435434802723
2435434802724
2435434802727
2435434801931
2435434801932
2435434801928
2435434801929
2435434801942
2435434801945
2435434801880
2435434801886
2435434801881
2435434801901
2435434804880
2435434816601
2435434816600
2435434816601
2435434816404
2435434816415
2435434816645
2435434816635
2435434816633
2435434816632
2435434816634
2435434804034
2435434804033
2435434804032
2435434804034
2435434804036
2435434803946
2435434803941
2435434803989
2435434803880
2435434803879
2435434803871
2435434803862
2435434803864
2435434804746
2435434804716
2435434804711
2435434804713
2435434804708
2435434804706
2435434805258
2435434805260
2435434805259
2435434812280
2435434812279
2435434812284
2435434812303
2435434812311
2435434812315
2435434812244
2435434817606
2435434817626
2435434817627
2435434818334
2435434818330
2435434818320
2435434818321
2435434818308
2435434818305
2435434818303
2435434818304
2435434818301
2435434818300
2435434818301
2435434818273
2435434818305
2435434818306
2435434818178
2435434818179
2435434818185
2435434818183
2435434818358
2435434818355
2435434818356
2435434818355
2435434818356
2435434818338
2435434818340
2435434818309
2435434882158
2435434882156
2435434882167
2435434882470
2435434882467
2435434882446
2435434882396
2435434882397
2435434882395
2435434882397
2435434882389
2435434883940
2435434883941
2435434883950
2435434883952
2435434883946
2435434883944
2435434883956
2435434883954
2435434883597
2435434883598
2435434883601
2435434883612
2435434883592
2435434883591
2435434883424
2435434883462
2435434883467
2435434883462
2435434883460
2435434883448
2435434882779
2435434882793
2435434882794
2435434882790
2435434882793
2435434883135
2435434883136
2435434883138
2435434883599
2435434831845
2435434831846
2435434831850
2435434831851
2435434831849
2435434831911
2435434831915
2435434831914
2435434831915
2435434831928
2435434831923
2435434831916
2435434832876
2435434832874
2435434832786
2435434832785
2435434833077
2435434833074
2435434833072
2435434833063
2435434833062
2435434833044
2435434833043
2435434833044
2435435005902
2435435005900
2435435005881
2435435005874
2435435005875
2435435012192
2435435011989
2435435011984
2435435011982
2435435011983
2435435011965
2435435011963
2435435011959
2435435011958
2435435011993
2435435011992
2435435011993
2435435011992
2435435011984
2435435011987
2435435011990
2435435011991
2435435011995
2435435012364
2435435012365
2435435012363
2435435012364
2435435012360
2435435012381
2435435012041
2435435012042
2435435012154
2435435012170
2435435012168
2435435012170
2435435012166
2435435012156
2435435012153
2435435012152
2435435012159
2435435012156
2435435012160
2435435012094
2435435012085
2435435012216
2435435012256
2435435012255
2435435012256
2435435012301
2435435012319
2435435012320
2435435012319
2435435012255
2435435012247
2435435012260
2435435012257
2435435012253
2435435012250
2435435012249
2435435012341
2435435012338
2435435015790
2435435015789
2435435015790
2435435015673
2435435015687
2435435015693
2435435015696
2435435015697
2435435015696
2435435015695
2435435015707
2435435015711
2435435015714
2435435015716
2435435015700
2435435015704
2435435015703
2435435015702
2435435015847
2435435015846
2435435015835
2435435015836
2435435015809
2435435015793
2435435015805
2435435015802
2435435015877
2435435015917
2435435015931
2435435015951
2435435015958
2435435015852
2435435015900
2435435015926
2435435015901
2435435015906
2435435015907
2435435015909
2435435015907
2435435015977
2435435015975
2435435015969
2435435015971
2435435016063
2435435016065
2435435016047
2435435016048
2435435016076
2435435016077
2435435016078
2435435016082
2435435016081
2435435016087
2435435016061
2435435014405
2435435014409
2435435014412
2435435014411
2435435014757
2435435015920
2435435015919
2435435015921
2435435015924
2435435015929
2435435019250
2435435019249
2435435019248
2435435019245
2435435019246
2435435019245
2435435019243
2435435019229
2435435019231
2435435019230
2435435019233
2435435019227
2435435019213
2435435019211
2435435019216
2435435019230
2435435019229
2435435019227
2435435019226
2435435019230
2435435019216
2435435019217
2435435019200
2435435018765
2435435018766
2435435018779
2435435018778
2435435018774
2435435018775
2435435018784
2435435018288
2435435018249
2435435018242
2435435018244
2435435018243
2435435018244
2435435018242
2435435018240
2435435018251
2435435018250
2435435018256
2435435018257
2435435018285
2435435021202
2435435020838
2435435020845
2435435020840
2435435020700
2435435020734
2435435020343
2435435020336
2435435020884
2435435020886
2435435021034
2435435021014
2435435021003
2435435020975
2435435020973
2435435020972
2435435020704
2435435020674
2435435020676
2435435018509
2435435020067
2435435020064
2435435020031
2435435019925
2435435019932
2435435019922
2435435019920
2435435019921
2435435019926
2435435019792
2435435019786
2435435019774
2435435019830
2435435019827
2435435019828
2435435019882
2435435019883
2435435010384
2435435010386
2435435010388
2435435010389
2435435010371
2435435010335
2435435010337
2435435010338
2435435010329
2435435010328
2435435009436
2435435009438
2435435009423
2435435009424
2435435009425
2435435009416
2435435009418
2435435009427
2435435009421
2435435009423
2435435009424
2435435009420
2435435009421
2435435009416
2435435009415
2435435009417
2435435009412
2435435009031
2435435009030
2435435009028
2435435009045
2435435009064
2435435009093
2435435009094
2435435009092
2435435008973
2435435006898
2435435006843
2435435006859
2435435006861
2435435006864
2435435006868
2435435006869
2435435004561
2435435004560
2435435004559
2435435004508
2435435004506
2435435005182
2435435005222
2435435005187
2435435005257
2435435003716
2435435003504
2435435003501
2435435003473
2435435003470
2435435003467
2435435003463
2435435003462
2435435003419
2435435003422
2435435003421
2435435003426
2435435003427
2435435003428
2435435002782
2435435002661
2435435002662
2435435002661
2435435002669
2435435002673
2435435002674
2435435002671
2435435002683
2435435002615
2435435002602
2435435002607
2435435002608
2435435002606
2435435002613
2435435002611
2435435000930
2435435000972
2435435000970
2435435000964
2435435000960
2435435001022
2435435001031
2435435001028
2435435001025
2435435001010
2435435001008
2435435001015
2435435001022
2435435001020
2435435001029
2435435001027
2435435001084
2435435001082
2435435001073
2435434999032
2435434999036
2435434999032
2435434999034
2435434999038
2435434999037
2435434999034
2435434999032
2435434999031
2435434999027
2435434999031
2435434999030
2435434999031
2435434998091
2435434998087
2435434998088
2435434998087
2435434998092
2435434996807
2435434996806
2435435118710
2435435118716
2435435118763
2435435118762
2435435118761
2435435118759
2435435118761
2435435118764
2435435118763
2435435118837
2435435119324
2435435119323
2435435119321
2435435119323
2435435117511
2435435117510
2435435117508
2435435117509
2435435117508
2435435117509
2435435117529
2435435117534
2435435117535
2435435117533
2435435117527
2435435119289
2435435119291
2435435119286
2435435119285
2435435119284
2435435119254
2435435119256
2435435119250
2435435119249
2435435119250
2435435119249
2435435119250
2435435119251
2435435119250
2435435119248
2435435119243
2435435119244
2435435119243
2435435119244
2435435119238
2435435119239
2435435119303
2435435119302
2435435119301
2435435119302
2435435119294
2435435119261
2435435119311
2435435119289
2435435119277
2435435118996
2435435118992
2435435118993
2435435118988
2435435121635
2435435121647
2435435121644
2435435121686
2435435121638
2435435121637
2435435121622
2435435120591
2435435120592
2435435120596
2435435120595
2435435120598
2435435119324
2435435119322
2435435119321
2435435119311
2435435119334
2435435119331
2435435119442
2435435119439
2435435119438
2435435119436
2435435119360
2435435119479
2435435119498
2435435119503
2435435119504
2435435119500
2435435119503
2435435118224
2435435118225
2435435118237
2435435118218
2435435118234
2435435118235
2435435118237
2435435118225
2435435118226
2435435118223
2435435118237
2435435118238
2435435118236
2435435118237
2435435118241
2435435118246
2435435118245
2435435117916
2435435117872
2435435117900
2435435117891
2435435117892
2435435117891
2435435117885
2435435118018
2435435118012
2435435118260
2435435118257
2435435118268
2435435118276
2435435118247
2435435118249
2435435118262
2435435118350
2435435118351
2435435118350
2435435118284
2435435118285
2435435118283
2435435118177
2435435118188
2435435118190
2435435118197
2435435118200
2435435118192
2435435118177
2435435118174
2435435118167
2435435118199
2435435118221
2435435118212
2435435118213
2435435118243
2435435118111
2435435118116
2435435118114
2435435118117
2435435118096
2435435118108
2435435117916
2435435117921
2435435117919
2435435117921
2435435117919
2435435096060
2435435096066
2435435096069
2435435096067
2435435096068
2435435096071
2435435096073
2435435095849
2435435095851
2435435095854
2435435095700
2435435095701
2435435095716
2435435082152
2435435083236
2435435083235
2435435083233
2435435083026
2435435083027
2435435082199
2435435082200
2435435082165
2435435082166
2435435082170
2435435082159
2435435082160
2435435082159
2435435082158
2435435082146
2435435082148
2435435082149
2435435082150
2435435082143
2435435082112
2435435082114
2435435082115
2435435082116
2435435082082
2435435082091
2435435082089
2435435082081
2435435082096
2435435082097
2435435082101
2435435082099
2435435082101
2435435082103
2435435082105
2435435082111
2435435082109
2435435082123
2435435082124
2435435259184
2435435259183
2435435259186
2435435259178
2435435259174
2435435259184
2435435259161
2435435259148
2435435259174
2435435259175
2435435259165
2435435259156
2435435259157
2435435259172
2435435259476
2435435259465
2435435259461
2435435259459
2435435259456
2435435259489
2435435259484
2435435259483
2435435259479
2435435258904
2435435254627
2435435254628
2435435244338
2435435244347
2435435244345
2435435244349
2435435244352
2435435244355
2435435244353
2435435244351
2435435243084
2435435243026
2435435242994
2435435242995
2435435242996
2435435242995
2435435242994
2435435242887
2435435242889
2435435242904
2435435242903
2435435242906
2435435242905
2435435242904
2435435242873
2435435242876
2435435242877
2435435242878
2435435242887
2435435242886
2435435242971
2435435242972
2435435243275
2435435243283
2435435243282
2435435243283
2435435243279
2435435243282
2435435254758
2435435254785
2435435254777
2435435254532
2435435254515
2435435254522
2435435254523
2435435254608
2435435254610
2435435254612
2435435256738
2435435256735
2435435257373
2435435257357
2435435257301
2435435257297
2435435257294
2435435257293
2435435257136
2435435257096
2435435257098
2435435257099
2435435257061
2435435257063
2435435257067
2435435257068
2435435257038
2435435257037
2435435257036
2435435257035
2435435257023
2435435257024
2435435257064
2435435254848
2435435265089
2435435265087
2435435265095
2435435265100
2435435265186
2435435265191
2435435265193
2435435265192
2435435265193
2435435265191
2435435260189
2435435260209
2435435260221
2435435260219
2435435260211
2435435260209
2435435260210
2435435260209
2435435260205
2435435260081
2435435260273
2435435260195
2435435261282
2435435260792
2435435260789
2435435260776
2435435260778
2435435260760
2435435260759
2435435260801
2435435260803
2435435260823
2435435260816
2435435259860
2435435259859
2435435258684
2435435258685
2435435251384
2435435251374
2435435251376
2435435251377
2435435251401
2435435251411
2435435251408
2435435251434
2435435251443
2435435251444
2435435251477
2435435251479
2435435251488
2435435251486
2435435251485
2435435251488
2435435420387
2435435420388
2435435420384
2435435420386
2435435417619
2435435417629
2435435417652
2435435417651
2435435417647
2435435417663
2435435417662
2435435417624
2435435417615
2435435417614
2435435417664
2435435417679
2435435417680
2435435417717
2435435417714
2435435417724
2435435417727
2435435241456
2435435241455
2435435241461
2435435241456
2435435241457
2435435242103
2435435242106
2435435242109
2435435242095
2435435245025
2435435245263
2435435245256
2435435245260
2435435245263
2435435245275
2435435245273
2435435244979
2435435232318
2435435232315
2435435232318
2435435232342
2435435232347
2435435232348
2435435232354
2435435232357
2435435232364
2435435232367
2435435232366
2435435232355
2435435231922
2435435231929
2435435231928
2435435231937
2435435231938
2435435231940
2435435231939
2435435231927
2435435231926
2435435231928
2435435231971
2435435231604
2435435231595
2435435231667
2435435231691
2435435231704
2435435231702
2435435230559
2435435230558
2435435230559
2435435230557
2435435230438
2435435230439
2435435230436
2435435230546
2435435230549
2435435231059
2435435231116
2435435231114
2435435231115
2435435231120
2435435231122
2435435231120
2435435231104
2435435231106
2435435231066
2435435231065
2435435231068
2435435231069
2435435231072
2435435231073
2435435231075
2435435231028
2435435231027
2435435231012
2435435231869
2435435231771
2435435231772
2435435231738
2435435231778
2435435231780
2435435231776
2435435231777
2435435231774
2435435231775
2435434768949
2435434768948
2435434768940
2435434768941
2435434768942
2435434768943
2435434768947
2435434768948
2435434768949
2435434768944
2435434769004
2435434768980
2435434769019
2435434769023
2435434769062
2435434769060
2435434769382
2435434769383
2435434769381
2435434769377
2435434769375
2435434769377
2435434779415
2435434779418
2435434779423
2435434780296
2435434780308
2435434780307
2435434780313
2435434780316
2435434780227
2435434780122
2435434780124
2435434780125
2435434780127
2435434780129
2435434780124
2435434779773
2435434779776
2435434779885
2435434779882
2435434779827
2435434779818
2435434779856
2435434779855
2435434779849
2435434780065
2435434782128
2435434782084
2435434782016
2435434782018
2435434782020
2435434782019
2435434782022
2435434782024
2435434782025
2435434782004
2435434781745
2435434781744
2435434781793
2435434781792
2435434781793
2435434781801
2435434781802
2435434781751
2435434781752
2435434781759
2435434781760
2435434781759
2435434781760
2435434781737
2435434781736
2435434781737
2435434781767
2435434781791
2435434781788
2435434781754
2435434781916
2435434781946
2435434781944
2435434781929
2435434781910
2435434781911
2435434781819
2435434781754
2435434781756
2435434781767
2435434781733
2435434781729
2435434781728
2435434781738
2435434781737
2435434781740
2435434781739
2435434781738
2435434781736
2435434781715
2435434781714
2435434781734
2435434781738
2435434781740
2435434781744
2435434781743
2435434782562
2435434782563
2435434782569
2435434782570
2435434782587
2435434782605
2435434335148
2435434323139
2435434323256
2435434275361
2435434275357
2435434275742
2435434275741
2435434275759
2435434275867
2435434277007
2435434277008
2435434277009
2435434277011
2435434276999
2435434277023
2435434277022
2435434276990
2435434276991
2435434277040
2435434277041
2435434277039
2435434277101
2435434277105
2435434277104
2435434277105
2435434277119
2435434277396
2435434277390
2435434277403
2435434277412
2435434277409
2435434279465
2435434279466
2435434279465
2435434261308
2435434261309
2435434265165
2435434264941
2435434264943
2435434376231
2435434376226
2435434376217
2435434376218
2435434376108
2435434376109
2435434376110
2435434376108
2435434376075
2435434376116
2435434376118
2435434376176
2435434375957
2435434375961
2435434376064
2435434377284
2435434377275
2435434377274
2435434377268
2435434377269
2435434377267
2435434377266
2435434377267
2435434377239
2435434377246
2435434377250
2435434377238
2435434377268
2435434377269
2435434377284
2435434377287
2435434377391
2435434377508
2435434377512
2435434377516
2435434377512
2435434377444
2435434377269
2435434377266
2435434377280
2435434377158
2435434377157
2435434377156
2435434377158
2435434377153
2435434377152
2435434374373
2435434374370
2435434376846
2435434376852
2435434376849
2435434376859
2435434378111
2435434378110
2435434378113
2435434378110
2435434378107
2435434377920
2435434377922
2435434382409
2435434382388
2435434382389
2435434382222
2435434382225
2435434383529
2435434383531
2435434383510
2435434383491
2435434383496
2435434383509
2435434383516
2435434391772
2435434391768
2435434391767
2435434391764
2435434391891
2435434391894
2435434391892
2435434382762
2435434358399
2435434358426
2435434358427
2435434358435
2435434358434
2435434358433
2435434358435
2435434358433
2435434358427
2435434356968
2435434356970
2435434356976
2435434356968
2435434356969
2435434356970
2435434356969
2435434356961
2435434356976
2435434357993
2435434357995
2435434357994
2435434357997
2435434358154
2435434358138
2435434357978
2435434357866
2435434357870
2435434356054
2435434356055
2435434356504
2435434356503
2435434356497
2435434356445
2435434356449
2435434356451
2435434333140
2435434333139
2435434333137
2435434333089
2435434333095
2435434333091
2435434333077
2435434333079
2435434333077
2435434333076
2435434333173
2435434342088
2435434342089
2435434342088
2435434342093
2435434342090
2435434342166
2435434342165
2435434342790
2435434342788
2435434342714
2435434342255
2435434346130
2435434346201
2435434346208
2435434346207
2435434346047
2435434346046
2435434346066
2435434346058
2435434346011
2435434346025
2435434346026
2435434346030
2435434346011
2435434346007
2435434345842
2435434360383
2435434360277
2435434360203
2435434354124
2435434354123
2435434354121
2435434354120
2435434354130
2435434354131
2435434354132
2435434354133
2435434354098
2435434354086
2435434354066
2435434354079
2435434354082
2435434354017
2435434354018
2435434354040
2435434354053
2435434354054
2435434354119
2435434354075
2435434401850
2435434401846
2435434401827
2435434401823
2435434401175
2435434401159
2435434401156
2435434401157
2435434401162
2435434401163
2435434401116
2435434401113
2435434401109
2435434401110
2435434401109
2435434401115
2435434401116
2435434401114
2435434401116
2435434401027
2435434401060
2435434401059
2435434401058
2435434401060
2435434401059
2435434401064
2435434401780
2435434401741
2435434401737
2435434401734
2435434401736
2435434401739
2435434401737
2435434401734
2435434401733
2435434401697
2435434401699
2435434401605
2435434401603
2435434401604
2435434404606
2435434404608
2435434404609
2435434404610
2435434404625
2435434404634
2435434404633
2435434404795
2435434404784
2435434404702
2435434404697
2435434404700
2435434404913
2435434404910
2435434404916
2435434404910
2435434404943
2435434404945
2435434404941
2435434404625
2435434404627
2435434404722
2435434404717
2435434404720
2435434404735
2435434404668
2435434404667
2435434515888
2435434515887
2435434515888
2435434515890
2435434515891
2435434515892
2435434515888
2435434515876
2435434515862
2435434515865
2435434515869
2435434515870
2435434515894
2435434515892
2435434515900
2435434515418
2435434515664
2435434515662
2435434515661
2435434515656
2435434515643
2435434515631
2435434515632
2435434515615
2435434515599
2435434515664
2435434515665
2435434515668
2435434515672
2435434515671
2435434515630
2435434515622
2435434515620
2435434515652
2435434515655
2435434515656
2435434515654
2435434515655
2435434515652
2435434515601
2435434515596
2435434515600
2435434515430
2435434515440
2435434198462
2435434198453
2435434198455
2435434198452
2435434198454
2435434197872
2435434197876
2435434197875
2435434197876
2435434197878
2435434198046
2435434232735
2435434232733
2435434232732
2435434232720
2435434232613
2435434232612
2435434232613
2435434232688
2435434232690
2435434232461
2435434232470
2435434232472
2435434232475
2435434222745
2435434222746
2435434222748
2435434222755
2435434222855
2435434222853
2435434222852
2435434222849
2435434222887
2435434222861
2435434225801
2435434225799
2435434225809
2435434225808
2435434225809
2435434225811
2435434225810
2435434224813
2435434224816
2435434224815
2435434224798
2435434224759
2435434224782
2435434224882
2435434224851
2435434224821
2435434224828
2435434224827
2435434224828
2435434224824
2435434224823
2435434224819
2435434224914
2435434224910
2435434224902
2435434224903
2435434224801
2435434224783
2435434224785
2435434224787
2435434223078
2435434223074
2435434223059
2435434223053
2435434223056
2435434223063
2435434223068
2435434223066
2435434223051
2435434223052
2435434223051
2435434223050
2435434224428
2435434224423
2435434224424
2435434224423
2435434224445
2435434224738
2435434224753
2435434224767
